255
406
436
467
686
689
693
703
708
711
739
948
951
956
959
965
977
978
979
980
1112
1495
1497
1498
1499
1503
1515
1536
1630
1710
1712
1713
1715
1716
1717
1718
1730
1733
1737
1740
1752
1802
1853
1863
1882
1884
1885
1888
1889
1890
1891
1894
1897
1899
1902
1905
1922
1938
1952
2030
2034
2037
2038
2039
2041
2045
2047
2048
2050
2052
2059
2067
2072
2073
2124
2137
2198
2199
2200
2201
2202
2203
2205
2207
2209
2210
2211
2215
2216
2217
2222
2223
2224
2225
2229
2230
2240
2243
2246
2248
2250
2260
2294
2306
2365
2397
2399
2400
2403
2404
2405
2406
2407
2408
2419
2420
2422
2427
2429
2430
2431
2440
2443
2446
2449
2457
2501
2544
2545
2546
2547
2548
2549
2550
2551
2554
2555
2556
2557
2561
2562
2563
2564
2566
2567
2568
2570
2571
2572
2574
2575
2581
2584
2585
2586
2588
2590
2592
2594
2605
2617
2624
2648
2668
2679
2694
2730
2731
2732
2733
2734
2735
2736
2738
2740
2742
2743
2744
2746
2747
2748
2749
2753
2754
2755
2756
2757
2760
2765
2767
2768
2772
2788
2804
2853
2863
101106
101107
101108
101109
101110
101111
101112
101113
101114
101115
101120
101121
101122
101123
101124
101126
101127
101128
101129
101130
101131
101132
101133
101135
101138
101139
101141
101142
101144
101145
101150
101153
101154
101155
101158
101161
101162
101177
101179
101181
101183
101187
101189
101198
101204
101211
101214
101215
101235
101236
101249
200081
200745
200746
200748
200749
200750
200751
200752
200755
200756
200757
200758
200760
200761
200764
200765
200768
200769
200770
200772
200777
200778
200779
200780
200782
200783
200789
200794
200796
200797
200809
200811
200817
200822
200826
200839
201041
201141
201142
201143
201144
201145
201146
201147
201148
201149
201150
201151
201152
201153
201154
201155
201156
201157
201158
201160
201161
201162
201163
201164
201165
201166
201167
201168
201171
201175
201177
201178
201182
201187
201188
201189
201196
201202
201203
201208
201228
201229
201234
201238
201274
201286
201291
201336
201563
201564
201565
201566
201567
201568
201569
201571
201572
201573
201574
201575
201576
201577
201578
201579
201580
201581
201582
201583
201584
201585
201586
201587
201588
201589
201590
201591
201593
201595
201596
201599
201600
201601
201602
201603
201604
201607
201609
201611
201616
201619
201623
201627
201632
201785
201814
201858
201880
201933
201934
201935
201936
201937
201938
201939
201941
201942
201943
201944
201945
201946
201947
201948
201949
201950
201951
201952
201953
201954
201956
201957
201958
201959
201960
201961
201962
201963
201964
201965
201966
201967
201969
201970
201971
201972
201973
201974
201975
201976
201977
201978
201979
201980
201985
201986
201988
201991
202066
202077
202081
202082
202083
202087
202091
202130
202148
202178
202197
202220
202227
202322
202323
202324
202325
202326
202327
202328
202329
202330
202331
202332
202333
202334
202335
202336
202337
202338
202339
202340
202341
202342
202343
202344
202345
202346
202347
202348
202349
202350
202351
202353
202354
202355
202356
202357
202359
202360
202361
202362
202363
202365
202366
202371
202374
202376
202377
202378
202379
202380
202382
202385
202386
202388
202389
202390
202391
202395
202396
202397
202399
202406
202407
202408
202412
202419
202458
202498
202536
202545
202620
202622
202681
202682
202683
202684
202685
202686
202687
202688
202689
202690
202691
202692
202693
202694
202695
202696
202697
202698
202699
202700
202701
202702
202703
202704
202705
202706
202707
202708
202709
202710
202711
202712
202713
202714
202715
202716
202717
202718
202719
202720
202721
202723
202724
202725
202726
202727
202728
202729
202730
202731
202732
202734
202738
202775
202779
202809
202810
202814
202862
202874
202880
202918
202933
202951
202952
202962
202970
203006
203076
203077
203078
203079
203080
203081
203082
203083
203084
203085
203086
203087
203088
203089
203090
203091
203092
203093
203094
203095
203096
203097
203098
203099
203100
203101
203102
203103
203104
203105
203106
203108
203109
203110
203111
203112
203113
203114
203115
203116
203117
203118
203119
203120
203121
203122
203123
203124
203126
203128
203129
203130
203133
203135
203136
203138
203139
203141
203142
203143
203144
203145
203146
203147
203148
203156
203158
203159
203162
203183
203186
203187
203197
203199
203200
203203
203210
203263
203268
203315
203317
203318
203382
203457
203458
203459
203460
203461
203462
203463
203467
203468
203469
203471
203473
203474
203475
203476
203477
203479
203480
203481
203482
203484
203485
203486
203487
203488
203489
203490
203491
203492
203493
203495
203496
203497
203498
203499
203500
203501
203502
203503
203504
203505
203506
203507
203508
203511
203512
203513
203515
203516
203517
203519
203521
203524
203526
203527
203530
203539
203540
203543
203544
203545
203546
203548
203552
203561
203564
203565
203569
203580
203584
203613
203648
203798
203805
203810
203816
203893
203894
203895
203897
203898
203900
203901
203903
203906
203909
203910
203912
203913
203914
203915
203917
203918
203919
203921
203922
203923
203924
203925
203926
203928
203930
203932
203933
203934
203935
203937
203939
203940
203943
203944
203945
203946
203948
203949
203950
203951
203952
203953
203955
203956
203957
203958
203960
203961
203962
203963
203968
203991
203994
203996
203998
203999
204001
204002
204014
204020
204021
204022
204025
204028
204033
204037
204038
204054
204060
204065
204066
204067
204079
204098
204456
1626143
1626144
1626145
1626146
1626147
1626148
1626149
1626151
1626153
1626154
1626155
1626156
1626157
1626158
1626159
1626161
1626162
1626163
1626164
1626166
1626167
1626168
1626169
1626170
1626171
1626172
1626173
1626174
1626175
1626176
1626178
1626179
1626181
1626183
1626185
1626191
1626192
1626196
1626199
1626202
1626204
1626209
1626210
1626214
1626242
1626245
1626246
1626251
1626253
1626257
1626262
1626266
1626273
1627293
1627362
